# Created by Octave 4.2.2, Fri Sep 25 10:58:08 2020 CEST <ok@localhost.localdomain>
# name: test_idxs
# type: cell
# rows: 2
# columns: 1
# name: <cell-element>
# type: matrix
# rows: 5
# columns: 1515
 6407 3043 2095 5673 735 6408 5335 169 3922 676 7500 923 4329 56 7491 6779 5886 4131 3079 1558 6579 5226 2893 6725 7092 2178 4989 35 6719 5991 4628 404 1105 7466 189 163 2634 5132 132 419 997 86 5644 4805 6101 6824 2308 4251 3609 2181 1705 1675 452 3791 6932 3106 1986 3376 4339 338 5798 3637 3490 7079 4742 2123 1487 6507 1828 2150 4896 6512 1151 2166 2645 989 475 220 2192 800 1648 5090 1941 5700 4183 1945 6990 2160 5317 4405 3228 2048 5467 7485 6192 5014 957 3597 4651 5239 2637 6668 680 368 7033 6066 2799 3443 5133 5304 5670 555 5287 333 674 6868 3619 5762 4495 6481 1762 7025 6897 5429 588 1077 3694 6184 4941 3339 773 6874 2909 5029 4773 2516 4496 828 5840 2890 5399 4010 2164 4907 4143 1322 6190 2509 3508 7532 23 5471 2059 3624 6230 6358 1394 5375 5482 2933 2819 7127 875 5603 7057 6156 4027 7034 6687 7325 641 350 6068 4430 1417 6057 526 4682 7270 6809 578 7504 4707 7011 5562 6959 4859 2017 1580 1300 6735 1994 3703 6910 5705 7004 1998 104 6118 7365 7510 3623 514 5706 1785 1579 1157 4915 6940 5949 6511 5398 2649 2758 7233 4058 4738 2378 4689 1720 4394 6520 3803 750 890 6608 4595 3205 6674 4534 1442 3641 2113 5206 1678 4535 1469 7321 4231 5092 1641 6076 2783 7492 2463 5640 4457 7331 2863 6386 3234 5391 133 6183 6683 5224 7177 2543 4973 6436 3427 4813 6540 4523 4201 3751 7062 6339 1228 70 4301 1097 5718 5203 2082 2096 814 6467 3975 5627 1104 131 3886 692 3591 6804 6292 924 7043 7190 5860 6196 1596 7527 5882 5379 2390 3068 2418 7313 5660 763 684 888 511 1699 2462 5960 4150 5296 1861 2539 1278 2857 615 4852 489 5105 4127 6029 1422 3816 7499 1597 646 5051 2560 3486 6965 398 6970 6697 1102 4956 6423 645 5185 4779 6168 6822 1344 2990 7052 7018 7185 4753 6513 1262 6794 4763 6270 1136 1470 1324 2987 4694 7037 2367 6278 1130 4933 5159 3213 4427 6799 3101 3929 6110 5364 3550 5703 5265 5276 6055 2053 2248 4693 3414 6541 6072 4675 5072 2794 2204 2829 3136 1421 4549 356 5423 6585 7322 2612 3974 2398 5216 1276 5704 4113 537 4450 6002 1092 1313 6020 5694 309 151 2351 2430 6951 5545 5709 2457 3395 6968 74 219 4856 2814 234 6690 2616 563 2545 2015 7516 5695 6006 3019 4972 4983 2274 1335 6626 6666 2229 7015 6185 1991 1839 9 3249 1846 3200 730 4975 290 7053 3968 6812 3633 4760 981 3272 5864 1894 6322 4210 4914 85 4 1575 1084 4987 1088 2456 1946 732 26 2434 1568 7564 2442 528 1987 624 5115 3288 2325 7005 7253 7557 2827 2284 6359 3222 703 1655 798 5244 3853 4946 6993 1233 2010 4555 1299 1178 7518 7381 5221 5153 7506 1245 2209 5435 891 1633 5770 2955 4345 6556 6126 3401 1516 2126 907 4305 7096 4108 3909 2369 3545 5778 2959 609 492 2086 359 2900 5638 4007 5 2214 2134 4098 1395 1285 7074 6915 4141 6633 5093 5984 5707 3835 811 6245 5169 6347 2104 4839 27 3979 2449 3894 5610 3881 5583 5517 3195 1557 6976 6604 525 2504 2966 5855 7285 6995 315 1390 5100 4522 316 715 2596 278 3865 1981 1499 7426 363 4227 3196 4065 779 1731 4148 4086 6717 2061 3775 3991 2220 5311 2227 2692 6030 1318 3984 5321 7195 2145 6067 1980 3095 7039 7191 1518 6713 6793 6023 5760 3613 6763 549 6891 2843 5011 1685 4443 6695 4857 2468 5484 4082 7061 1753 3360 4206 19 1376 6098 1732 7082 6443 4145 7247 2445 2809 4043 4287 46 238 1748 2773 6459 1695 3099 2153 476 4864 5393 6958 6207 7489 5602 2306 498 144 7170 159 5584 7000 7448 4128 5808 1071 6773 5900 7159 5805 1674 3843 3021 3380 3831 2429 6842 6771 5355 7473 2110 5974 1747 6715 4119 1970 5111 5045 4822 5437 5641 5219 2952 7175 647 1758 6572 319 4854 4812 2945 1622 2269 5223 6390 3046 5729 4800 7280 3630 5661 1198 3150 6599 6672 7131 4631 7198 6731 7467 6285 1790 6148 98 2614 2171 3094 1258 6765 82 6479 5465 3795 2002 1455 3279 6415 1271 5856 2208 6688 305 1864 1211 4229 6603 7560 2834 7452 4741 1744 5663 38 2810 3778 5735 1976 7436 736 5701 4192 7010 3665 4783 1651 720 4850 7279 3854 2193 6567 5625 830 2672 6857 3408 2642 3276 4176 2211 6526 5034 1096 5247 3325 3242 4519 5595 704 7095 352 4328 1954 97 3311 1837 2291 5512 7169 5995 1792 1439 6431 4395 4732 5362 5409 190 7333 4188 1874 3669 6180 2727 4761 2359 5927 5608 5109 5597 4156 5042 462 2772 3219 585 527 1240 6332 2081 4253 1090 4321 1492 3994 836 2740 1482 2556 4683 1393 4209 4240 2064 6652 3310 5089 6571 7158 448 2803 5712 1723 4876 2480 7244 167 3028 632 3197 2652 6469 5740 2473 1272 3054 7449 4752 2470 3469 2566 3897 3231 5918 2521 824 1286 1780 81 3491 1086 6088 4566 6344 3925 591 4152 2441 7575 6269 7369 7067 1377 2818 3632 2542 426 3947 4459 1961 7017 446 5404 5837 5314 4177 766 5617 5405 7115 43 3364 5421 2753 6204 778 2706 3981 183 1854 4827 7356 858 1710 2294 6597 3 7162 757 2508 4280 468 1798 1400 5338 5601 3873 3504 156 7463 2168 771 4696 4947 329 7014 6152 4847 4073 3390 7250 3374 6960 7130 1195 7455 3174 4247 6074 4020 2656 2831 769 1431 346 1109 889 1249 6638 6596 4774 20 2221 6012 3139 268 6466 3493 3670 1182 1199 3996 5022 6421 1667 3728 570 5077 2139 3883 1357 5383 4212 6766 1343 2241 5639 897 4222 4476 3566 4133 2425 942 395 1572 6689 6861 3856 7308 3862 313 5699 161 3398 3056 1533 1956 4485 3113 5987 2232 4172 7520 2931 2718 3143 1742 5752 2669 3805 1948 4766 5832 6936 5934 1242 1770 4124 5020 635 700 5809 3675 3432 3642 6040 5151 3844 4291 857 256 149 3956 4614 6456 4715 1017 5136 4342 6260 130 6745 7481 648 1836 1816 661 1496 7013 5631 471 199 1513 5681 2393 4216 109 4422 2859 2734 4585 4891 1364 2531 4117 6636 6658 2093 6064 1244 1134 5076 1226 5652 3138 4400 7507 105 6280 6143 3762 5843 3170 1216 6994 3833 6199 3749 6798 2383 2466 4834 1832 5451 1811 2743 2424 6998 2744 1743 5873 6441 2678 1738 4232 1653 1209 6123 3686 1669 5939 3239 6112 697 4149 1435 1038 6662 6814 4620 4802 6277 1702 99 2623 6980 1953 7136 5903 2358 6845 76 2659 3116 3942 782 1174 6377 838 794 6372 2044 4398 2875 4528 5144 4629 4842 4186 896 6947 3898 1577 5516 623 4338 4997 874 6276 6509 7412 3889 6592 3430 2647 847 4510 4565 3451 3547 418 3961 6777 3025 6671 7464 3348 1535 3938 738 3426 3274 6701 5125 6956 6844 3999 5263 4950 3163 4801 1750 728 5268 3458 6737 1594 6613 5541 4728 1206 63 3277 5371 2119 4350 1886 762 2644 1311 1810 1741 6691 4381 5060 2897 1441 3516 3585 3120 7319 3416 5232 4327 1569 4146 2106 1481 7337 1887 3783 6870 5730 6975 2873 2529 2970 7234 3776 2929 4015 7479 737 2939 5310 134 6935 3907 2143 3406 1692 5264 7454 4931 2049 6615 444 1664 5895 1537 6385 6841 3015 2788 672 4167 6803 7101 1564 4900 3589 991 654 6465 7002 7453 6722 886 1264 78 2198 322 3462 2986 4005 962 6925 2088 3474 6161 6117 803 1893 4537 2465 5588 3933 1388 3887 2605 909 776 7125 6595 6 295 1727 2454 1559 7284 6336 6176 3962 7345 6549 5256 2625 7104 8 658 4653 5876 1947 115 4413 6446 7126 1778 2158 5757 1566 465 4378 1548 5142 4162 2906 2816 6287 1215 4079 2607 1889 1484 4765 7289 3880 229 1005 3100 4658 6471 3034 3336 4586 4872 2806 964 1132 629 7383 2495 871 4241 6728 2921 614 1899 2577 2823 6284 4325 3950 252 3133 2003 3769 1856 1218 2024 7456 59 2341 2334 3476 5344 749 2268 2533 442 2801 6298 6222 2737 186 358 4103 4548 153 387 6246 3396 2977 5702 2173 6131 6226 3048 3715 577 3720 955 6150 4547 1382 5385 984 4889 3488 6527 4262 1328 6988 2225 2913 3540 4880 2691 6149 3813 7511 3596 3383 3799 2598 1950 7539 6307 1014 1142 1062 1288 7496 1210 4120 2484 2196 4282 677 4047 6651 5522 2842 4030 2419 6498 3220 6251 4605 3291 1765 5828 5607 3366 5774 908 5970 5593 370 613 4217 2218 1026 5004 3829 5554 6188 5229 6013 4298 2230 2116 4710 695 472 2272 553 5360 4499 4748
